J=0.01
K=0.01
L=0.5
R=1
b=0.1